$ANSIBLE_VAULT;1.1;AES256
32663563323235636631373537663135346161336238323735653634643133386434623938636137
6433333131663061336465623836663630393663373230330a623736343564666536653833386335
63613861613837373633353130653765663437313665616364373931663433383133346537336661
6130386632643134610a336139313838343338316233376562376430623365316262636139663763
65363734303339376538326535383164663261383566313662363866623335346536613935346662
31313535303237636538396334663230333936653864656536313135663939303235666563643462
35303932376530326462303538336530633430353732623337633237346231326637333062633332
66353739356231316265356365613862663437643563326433623237326630313866646436376164
61346430336665643861633630346166353966656164643231316438666263636538333133613865
65396232633463626431383862366230396631616233633861346138346332346438313863613933
39633932663262376431303031326464333433373831353962356232343833303632396439373066
63383035646265313538616330386662643438623733616433303837373532646265346663393237
63353632393939326630643466316166373162323162333063633133333039653561636161396463
63613034373239656330613735623733646335643238333364623662326135646663386161633632
39313930653834626633326331383139393632396263373632656631376233623531643666353334
36643566666561343861313232306564316237666536653365326161316163393835636661383930
36323966646437316339303231396362633634343065636138306234386662303233363334356665
65663837323465653766326233393661633165326466383536313538333733636363353039616164
64363736653661396663323435666161313435343939653464643435363862663761303963653837
65306536616561613832336435316465616566656533396334616438613561643433356439616430
35613130663761613261376133663263313261316565363432613335383732636438326532373264
61303431336439363835636531386164313663623632386437343832393930393837633035643566
65383763643031303032373632303331313333656235363335616436656439623261396538656231
32663938323266633765656339333438653531396233396439323834336262313832363065633561
37393634383335316232663435336133363438356562306534316466353765396532393036303430
37386366323538616333373165653066633432623134313436623737356665346133393734366637
31616237326132666661366533393565646333626433303635323233383363373964323263343766
36333538303834386139353161316265323732343135326531613638366132343661313437373138
35633139346563636261396530396561386531623632313162636535663366333936326131366138
32316134333432393138626563326435633932353734373332313832663234366336313064386538
33656234613337666262323338663330613636333635393366366663643964633839393963643463
61313531663961313030363134376336326631393434636361666232373132616165633837316237
38376236653366393566316631333738636536303833353562323365393133333232343731356164
37343235356662663265333763386236663930373233346264393762366232376164613961636538
64386164316439386333306261323864643564623932623261343031303738626162633732366435
36643761633134316161333836396130323838346631623235636639646235643163313339646433
38306539333131373137303066303536353438363866646161643736646230353036666231363763
62383135353838366137373064373833383761633066383832343030626539333337306330386466
32343561646230353362353064346534633531373431623532366465653566373931393230666565
36353432653161386532626661393862386130616239656234363463363239346530343637633235
39323366623136306464353430376464383662636436616362303266306239646465363738333165
32616432633164366564333763343433653039613737646631666463396530626366343466366562
38653533323137306335653235303439346434376634633936643634643363333362643962383438
34613437313764323261313835393362303436363561626237336465386331306436336133396532
37383338616361363830623664336338373030616435383835356433353566613564376137303963
34623766346463373239373665303933643732656130396463663639333737626462646265653634
66656430313164333764633638633661373736643839653537633237376462623031313563623038
31613637613363663966366135643761313563343439363062343766636535326434663235393762
61333936333862333339316133376365313437656437666532383138326561366363373131346562
36333330306337323462646235306534613038343334366335636366373137303039323962336138
31346461613238396239306133643639633139326664663930323461303161356230373633333461
66393038326430623366626264333238313634653432376364623665383731366162633931643032
64366336656633336435353639393235323634666566313264303633393334336634333461306261
61396130666435666435623662303633353239393531343264626639306535616530623061366538
37666565656434323334393633333666373266643064343665393936306536636663623630626561
34656662383132336162663266343066333838623339636135336235656665346231366337636330
39313739396639396664343335663366316562353363323035623466663466326431633931616134
64396263393165663965376362313363343533323930383332396661353565353437363334383261
37383135346264316264356336656632626236306465323436343639623164306630393637316432
31643063613639326131386533326336383733663134646561333233346665333335333139613931
32346235356433623335616238363563663531396265623062636237623434303235643764333037
31633266356662616563623566613930333064663239373464643738656533383862386335646230
36666136633461626466333931396236633238386365396137333766333163303736346563383933
61313330333361626663326536653330653766393139313461666436656161376261616330383539
64356438653264356633316233623637396564363438333530666663633063643961393931383164
36366263316162633565373439373939383131356461373164383963626437656164353934373837
35373861626333313464343031366633303361333930386264303765396537623364386531653733
36386134373731353930393163666161303365656430656130373430646366323837663439643931
38353366363065346436346364643232386231666337313535616333366464346432643431333666
39646163636131663832313930386164396339343939613663343065613764346136626134623732
65336336333135333961623738376630373938333837333062383564653432313931313535393337
61396431646665666466313265636264313337633564326365323133356332366632636566313839
62646232393262356166393062393461373865313535376236366634626338646536363266643330
39303738666532616665333731383966656364383830333261643338323164663762356461376663
31306665626362383839306237643137383638653131366432613031663430323562646332393062
31663763613038343863336631363839336636383962316334366130646432633264333539313431
61346665323737343331623962363466306231343338353934373362373032353239393863646437
30633064356661393736383465663561663838303465303561356132623830383331386561373339
37373536653863356535653862393061633139363032386136626131363066373865373565326461
35333534653235363030383766363130333866326361653933343833613963383565383938626337
36643262643931323166353232363831613963646364336537373932323664616134376634623534
63363338376436643230643432376364616330323536383961626262633764656236663034633238
39313834353662303330313635303239353734613163393134353033313934386333336564613961
62323964306362663263633862313437383038626637383964333961383730343633393162623537
31303936646336393032653036363664303232386433323465393131306333393663316636666365
61363966353164343835353638333834363830343136626132383131613461383533626235656434
36643430343339656432366531353935353537313831306134623735336361306536393964343435
37653238376437316139656239636364333162363034363935653266363662343464316431316539
34313131653430613363383537623837643335636565633961313664386336646238363566303961
39383933313163313366636632373963633937663863353037336563343830366433383231323630
36336239633034663766343064366165306430636563653532333237363863633630346663613734
36326338336131653930636563316461616131626161393432386339643233396663363033633033
65373737636134396332393339303436626634366661326439333261346130303162316162663434
34653534343130303366613135333433333863373832626138636435636532303665343039366666
31633734666562653936353934663338386465373364653163393764623862616361333736313034
61373131623138616433343362343864636535663232346132353439636630343437633238396235
34343831653338653364396131386630383535316565353066623266336239313931306561313933
38396332393438613232323235653763356633306638616164616535383830386261316536393139
34663339363733633762313237646665386465643532383431663334633938333930333532636463
65386332333963663463363139313837306533353933306434333831666535306431633463643862
65666361326637656337663838303930333863316662396665613766623265326235366561653736
39323731363530616333643930393739613331383563623565653363643638346132346531616339
37643636333037333663383430343135393663366235353662363061383232336234376433326662
37623333373665393863353234656364343263376136373939633964396439626433386262393565
32393864383064643362313464363566366662613235373061396233623663386361653565323639
62616535353933376131396365663765643636656665646564616232643461623435336336316265
31643630633036643532393061393664353634633932623963613131306534636262303464633862
34386265636561323737353232333935306461633035303762396632333336313735633263303333
64313233626563666131383639346466306633336532303832353630323564353831353136336536
31313866626530623039343433376466353364353365663030633161396138613265653962623535
38663133393533373931633837646161636630643938656662326236633134376264373638346537
35323231393533356331376633396631356130383361366538646138303332626331356233626532
64373639363434656537393336343734373661666639623864393834643839326361356638336532
61373532326334343364323336303062613739376131663732653532653834373838633632333562
32396363343262393363386331613439336239313964636635343232666464333934353838626137
38373930333038663361616663386561323433646363323634643565663530316137333538323838
61333135363631366439396662393662393234646534636166393938343964656537613231336262
65613739363232363664363439333832633464633931396266393236623435386133316333373035
31396439633038373462643936643563626234353338363264613132633364313438346666313230
64356264356335346633386530396438343530376166356131343336646535663334613437643565
62613134333964623230366463666537336530653062313865353235333161326634353339303436
37666632383064323435366561343833303266646365623764383632343365383462383835333663
62393933393865636465393761653731613262336563383138643066663033343561333065303065
32626439376532656566613332386532323433383838366165313338623533323961636431366131
62636430643666663732376165626233346330623639363331326532313430633631643730363663
32393735323765613738386265343237613662353866326163353034373937613531313366396465
39643138306133353539383737303037643735356664323432336237313866626131616566373737
39616366326266363266333335653665636462663664303937386535386637306564313565393233
63656663346465656233376531643762633664386665333835386564623662353435656561626533
31643638343638303336353637353264366265363038393739636365373337656636313732653639
32623665663833626134353265303031363539343338323062626566393265346530356462613231
30326233636633643666316531333862306664613766363830643866313531333762386434336163
64396361373664353664326430303834323130656465393332393739366437353064623439653639
33626162383264636361626166636263666332306664323433613663656235343837623733313661
33663461376331666136356534336337613062333066623330393834356264643863343464343364
63393666393432663566376365656639623738316638353732353533353832376530343565343933
37343230623861356530663363636532303234386437373264336235313463623737336530633062
30663739646536656130626131386437343739623065653535303863656630656130623732306336
31316434623932616165663464313831626530386239643864633738383732353037656537623233
32323264353432306636363930326264336234303462333831663861303761363530383332386662
38363932626262653137393232326434373938376533636463353137303731633236356536336663
65373331306362373566613431303135633366633735623761613831396331616236353530363435
36636365346330613633313861643466396538393563613966313838333064333232393764323335
62366365626164633935646232653339636166626435363164643135653366303936366138303833
33336234343633636433356336666463656535353262393564633031653932646332326535313430
38376131666663393335383836663634353761386237396234633564353437653461663961616565
39306137353332316163346463376337316631643731363337323561326266643236343033653837
37653837356261386432633438396261633631383931373538653531653636383438303131636339
65356433343165623735613538393033653533353930613731393434323763666238303035373339
61303539393037373864366264393566613430626338346432313430626232336463393536353732
33643236643431623535633538353961623463393662383532376664666335363062646564376166
38376236313264663966653338323532646261386163623332396562653231643231306639623637
32626332343739386434366132636134316439376533373036373561303130393833303332396335
61333965636334346134306530373966363866633034373239666330623562643363376237393265
33336161323034373235306464303263633830333637313930366230646637366162343866646636
31646632326338383431366133383337623032666538383833313061613230346262376566366538
30636666663163653135633439656337346632393163663732393665346266386539636332656462
30373332666337313938363038346362363733393230313438383965356131346130363661626530
32623239383165356132363730336134363136313632373439316636336130393231663331646462
61356531303733336438396634303362666230333163343033343030323635633533363965363262
64376566313038306130396130636236613162323537656333356632636334343434626462346334
38653766313530383032366634636238666665383935313330363664323730316535356562383731
38653839336636666538373466616530353164373761373261663863666562363933363563623634
33663563656335623263653037653133353166616534343339613136303232623134656134323433
30303465313061383861636432396137663861323635653334373461623631643638653865393864
39636133633236343964306138396161356134626531663238383765663934356232636264323463
36363037656132323839336633343164303135653761383936336261616266393263666333656132
65353365353631396237633336386366646565393862663039333438333633356532323261653931
65323038643434333233636231316338656666366335646330653266636330346564373261653936
32663662326263396138343762313635613964326638313030636435373231346533313933363637
31396562313362346535383133343261663162316162663939626562313163326561646538633035
63393431623937343931656339633030623433383664373337363532313736303737343165323761
65376165333335336437323031646666656133633664303835383564323762353239623137613664
36343037626434353962656131616439346632386234666635366633663533633639323934333165
30363534643662366435303435306565326338663031613463336136363634363162633537363765
63353139323766386662346137386233363161393161643133663334393062323333336135653936
61623537396362373936353862363362363339643363383662326439663165623038393739623830
65393866393037333833303234643435643036353735613836323266383835663633663963643034
63303662653463643731386464623334623762323065383064666332323633356164656339383539
66613264373132336436
